1111

1100000100οΜ 11101, 11, 590, 591,111, 110, 596, 601,
631119, 199·

Macrobius, 1, 150, 151, 151, 161, 166,177,1111,186,

mmmmmmmmmmmm
mwmmmfflffimmmmm
mmmmmemmmffim
mmmmmmffimmmffi
1000, 1000. 11, 0001, 88, 100,001,111,100,000,010,011,

6711 ’0100 8009060010, 1, 911, 915, 916, 951, 951, 955,
mummmm
wfffflfflfflssmmm
1111111600. 1 91191919·
000000000000
ἕο0001110011 001100110100091, 771. ’
0000011011οω), 11, 561.
1911011919 11119191199119·
{Qffihmmm
110000 mm, vide 10000000.
111111101ἶ1111ωἷζ 1611101, 100101, 101, 100001.
19111 19919119191991199591
1100100111110110011ιεῖ111176.ο ’ ’ ’ ’ ’
mmmmm ’0. 00000000, 0, 101, 100,

62010010ρῄ00 6100000600]ιί 11,,115. 591.
ΜἯΉΆἮΜᾜΜ.
Μωμωωῌηωωπο09η
mmmmmm
nmmssmmmfflmssmuffim.
QOssmmmm
1591191111191151·

1100001100, vide 1111011001.

1110000000 5011000, 1, 905, 988. 11, 500. ’

11011006 (11090), 11, 586.

1101110000 evangelista, 1, 511, 511, 556, 111. 115151.
161, 191, 191, 19 , 191,199,591.591,599.511, 1115, 1116
ffifflfflwmfflwfflwwfflffifflwh
710, 760, 7611. 781. 769, 799, 791, 795 797, 955, 955, 957,
mwmwmwwafflffiffiw
Qffimmmffimmfflmmm

0100000. 11000 888. 001, 001010 intra.

11000111001100, 11. 179.

111ον011000 (8000010000), 1, 968.

1100010100 T 001, 551. 11, 101, 191, 197.

fflfflfflfflfflmmmmmm

1101100000. 11, 198.

11010 (Pomponius). 1, 118118, 119, 115, 519, 559, 011,
899. 955 11, 161. 181, 556.

1101011101· cuno. Ι, 957.

11011101110000, 1, 159.

009000“

mmffm

1100001100, 1. 500, 550.
569εὲ13109ῗὲ Graecorum, 1, 911 11,105, 191, 198, 559,

1100001οε (10010100), ΙΙ, 510

11000101, 155.

110100100010016100001, 1, 911. 11, 618, 756.

ffifflfffflfflfffflfflffiffiwm
¹ 9,1)110011110490110, 1, 119. 111, 119,155,155,110, 171,
ffffissssffiffiffiffifflffiffiffl
mfflffiffifflwmfflmffifflffi
5850111111111,1510011011100.

11011000 11000000), 1, 015.

11001000 1900000000 de), 11, 677.

1100011100, 11, 166, 551.

1100001 (1010010001, 11, 599. 511, 551.

11011000 (1000000), 11, 558, 551, 561, 511.

Qu} 18 0161119119 1197111711 6171117911.

m

11000000 (Du 1110010) 11, 591.

Mmhmmmmmmmmm
mmmfflmmemme
ffiffifflffimmmfflmme
mmmfflffimmmmmmm
100101, 1000110000, 819, 000010, 000, 001, 000,
mwfflmwmefflQO
mffimmm

fifflfflfflffiQffissmm

mu: Ῑ1 {ffi' 989880181, 000.

111000111011, 555, 555, 571.

Musonius, 1, 158, 650.

11000000,1, 506, 1005, 1009.

Ν

1100100, 1, 111, 181.
11000100 1 Petrus), 1, 617.
11010111 comes, 1, 117. 177.
8111οἔἶο1οἔῂ1, 116. 11, 550, 561, 568, 510, 576, 185, 558,
, 1, .
1101000100 propheta, 1, 175, 969.
Nemesim, ΙΙ, 66. 68.
80000100001100), 1, 188, 501. 11, 669.
1110001100,1,110, 118, 776.
Nicanor, 1, 111, 156.
wincephffllss, 7, 911, 11115· n, 268, 5190420) ⁴289 7301
11100100 1110010100, 1, 96811, ,⁵³⁸-
1111911111991. 10.
mmmwfflmmmmmm
wwstmmffimmm
1100000, 1. 119115, 515.
1101101100 wenricus), 11, 5195565611, 571, 575, 576,
100110, 100, 000 000,510,000,100,100,100.
mmmfflffl
mmmmffimfflffifflfflffl,
ffimemwfflfflmwssm
1100000100, 1, 955. -
1100001, 01 8100100000, 11, 511, 515, 569. 596, 101,
Qfflmmmmmmffimmm

vmffimmmffimmmmmffi

fflssfflfflffimwfflfflwwffi
mmmmm&

Ο

wmffiffim

0100110000, Vide 10000.

gssffiffldfffibffliffss’ 01110010011110101.

ommim} 000100, ι, 110.

0101100110000101,1, 115 11, 570, 598. 518.

0000110100 Ρο0010010, 1, 195, 890, 891, 967, 068. 11, 516,
wssmwmmmm.

wwmmfflffimstm
592plssaltg⁵ &1881th 1, 187, 7881007. 11515, 511, 501,

&fflmmmwwwmwa
00, 010,101,011,001,101,100, 00. 101, 100101, 100,
mmmmmmmmmmmm
mmmmmmmmfflmwm
mmem

memmffifflmfflfflfflffl
QQQQQQQQQQQQ

mwmmmemmmfflffi
wssffimmffimffiwmffim
ffimffimffimfflfflmmm
70011701οᾀ51, 100, 101, 100, 150, 101, 101, 100011, 100,

www8

01000 propheta, 1, 157, 515.

ommmfflffimmfflmmm
fflMQQfflwwmssmmmfflmQM,
mmmwmfflmmmfflmamstmm
mfflffiffifflfflmmffiffiffiffl
mmmmmffimmmmmm
mmmmmfflmmmmmm
mmmmffiffifflfflmmmm
0011100001, 000000.001,010,001,011.11,15,50,10,

 

