¹135)

Dat-enuntias, 1, 596.
David propheta

1007. 11. 597, 420, 590, 001.
Βὲἕῗὲςῗῗῗόηῗῖῥειῇἶῖι, , 001,1015.
De Daeu (Ludomcus), 1. 504.
Demetrms, 1, 459.

Demosthenes, 1, 217, om.

Den erus, 1, 155, 141, 2⁰5, 207, 217, 221, m, 235,

Dialoqus c’te claris Oratoribus, 11, 569.
Dickinson, 1, 188.

Dictys Cretensis, 1. 451. 11, Vm.
Didymus, 1, 248, 249, 928.

Diqesaea, 11. 500, 557, 750.

Dio cassius, 1, 157, 221, 555, 010, 002, 959. 11 199,
521. 595, 405, 100, 409, 415, 410. 452, 451, 400, 474, 475,

517, 518, 556, 578, 795, 687, 805.
Dio Chrusostomus, 11, 436 997.

madonis sunem. 1, 157 ’100 100 101, 105, 171,100,
107, 200, 215, 214, 255, 255, 257, 245, 210, 270, 514, 599,
507, 420, 472, 021, 022, 700, 757. 001. 800, 000. 000, 903,

907, 900, 920. 950, 955. 11, 402, 5110, 007. ·
Diodorus Tharsensis. 1, 954, 945.
ΒξῖθηῗιῗὲἐῖὶιῗδέἶῖὀξἋι 401.

ίοῗΐξῨΉ, 482, 555.

Dionysius mammeas 1. 145 145101, 1011. 200. .
201, 220, 250, 250, 211, sti, 210, 200, 200, 290, 291, 509,
015, 002, 005, 091. 092, 099, 901. 004, 907. 020, mmm.

090. 11, 54, 255, 490, 501, 502, 706.
Discoriaes, 1. 727 1000.

mazoeum, 11, 219, 250, 505. 510, 521, 522, 570, 410,
419, 452, 470, 577. 505, 020, 015, 045. 047, 051, 050, 074,
075, 070, 001, 700, 701, 707, 710, 722. 725, 750, 752, 742,

745, 746, 775, 786, 787, 788. 792, 795. et passim inira.
Donatus, 1,712, 727. n, 52²5. 585, 661.
Douius (loannes-Bapt.), 11, 546.
Dorotheus, 1, 459.

Douza (Franciscus). 1. 454, 579.
Drusius, 1, 157, 526, 471. 472, 501.
Dum-enus, 1 204 902.

nn can ,010, dan ’110,

Duns ( ott-unes} Vi . scot.

Dupin Euae), . 147.

Dur us, Ι, 956, 957, 954, 975.
Duramius (lacobus), Ι, 989.

Ε

{wem ψ’ fe ε’ἱρῖἕὲἦτι 945 9115
171ὶῖ ρῖἷὲῗῗεῗῖξ 7.’ ’ ’ ’ ’ ’
ΕΙ111071110754147115 (echbertus

575, 708 801. ῙΙ,89, 514, 409.
Εηιρεᾶοοίε5,1 520, 929. ΙΙ, 69.

emam, 1, nt, 170, 102,109,190, 201, 211, 252, 040,

580.11, 55,111, 401, 668, 756.
Ephrem (S.). 1.
Epictetus, Ι, 120, 152, 222, 419, 654, 718.

Essiam-115, ῐ, ¹120, 515. 598, 405, 454, Ίῶ, 778, 945, 949.

1ΙῙὲἱξῑῐᾷῗῖἰο1τ1ῗζ“ιὲἦ’ἶ 1, 119, 151, 157, 105, 109. 171,170

1711: 217, 2712111, ,751, 527, 551, 550, 550, 559, 565, 5911
177, 400, 404, 517, 524, 542, 1155, 070,
711, 7111, 791. 9111011911, 099, 917,925 925. 050, 050,975,

41111, 1111, 121. 11111.

9101, 11111, 111111. 11,1-10,1ι9,115, 7141, 011, 015.
Ε 071111171717111 xrfinffffitmoe, Π, 555, 548.

471, ι121, 011,-1, 110,-7, 01111. n 9. 10, 11,27,45, 52, 592.
511115211112111-2. 1, 111. 555 425. 11, 505.
0112100, 11, 110, 475, 505.

Erasmus [Ns-1111·1'1·r1‘11.1*!1‚ Ῐ, 272, 299, m, m, HG, ιδ’,

ιωειιε pronaum, 1, 127, 427. 4112. 477, 479, 400, 401,
405, 401, 405, 492. 490, 500, 500, 507, 510, 559, 011, 012,
007. 000, 000, 704, 009, 010, 014, 911 954,970,907, 1014.

esdras. 1. 470, 470. 507, 705 11, .
suares (nonum 1714), 7, 022
ῗωωῇ.’23ῗ1”55“1.

ευωιὴόἥ. 914. 11, 005.

Bu , 55⁸, m.

Euqsmoe, 1, 909.

{Nnssx Auss'romm ET hmnonml

277, 519, 427, 40οζ 1¹79.¹13920', 14ἷ111ζ145015ζ 1450οἰ ¹37⁹, ff: ἓξζ
400, 500, 500, 509, 515. 555,οι1, 050, 615.990, 079, 000.
091, 099, 725, 751, 747, 740, 759, 760. 761, 770, 702, 705,
799 001,910, 919,955,954,907,970,975,990,1000,

· ,11, 227, 411,725,759, 740.

sius mmm-inus, 1ζο90, 914920. 959, 042, 975,

), 7 119. 121, 152, 154,155,
155, 157, 159, 100, 102105. 200, 244, 250, 492, 490,1147,

1140

flamm ,1,174‚1et,298, 249 11, 111.
sunm-s, 1, 508, 540, 541, 551 555, 554, 561
405, 405,, 400 511, 525, 524, 555, 552, 565, 002, 710.

Eunu ms ff, 558, 885.

Β us insulanis, 11, 564.

Eupolemus, 1. 459.

Euripides 1, 142159, 161, 177, 208, 510 m. mi,
2253. {2} 051, 500,,010, 000, 720, 901, 914, 950. 11, 590,

0141001110. 1, 110, 150, 155,159,145,1ε10. 170,171,171,
188, 192, 216, 217, 230, 255, 255, 245, 250, &stibis-3,
284, 524, 531, 573, 416, 418, 421, 451, 4511, ⁴69,1oe,175,
171, 177, 100, 1071, 11111, 109, 1111, ’011, 7171, 51171177, 5141,
1121 , 11711, nan-l, 7.-711, ῖ1-711, 7111, 77111,]”1117“1, 1110,811ῖ1,11117,111111,
11114, 01119, 113'121¹ 11111, Ι11117, 111191, 111 1, ’.110, *511 1, 11111, 0’-.17,,,1157,
1130, τιὴ-1, 1·1.“,·.1., 11,-51, 111111, 11117, 11117,1175,11711,171111,11111,7191,
11110. 111117, 11117, 111175, 11, ·.11-=¹ 1141, 11111, 11111, 111111, annm,
211, 917, 21 1, 2131, 5111, 217, 2111, 251, 1171, 711,117,247.
210, 219, 271, 201, 21111, 507, 2071, 2177, 270,1772,·1170,507,
31135101, 3117, 31111, ,710, 317, 71171, 71117, 7117. 3119510511,
0122, 3227, 52³1. 527, 551, 552, 77571, 570, 5510, 11,-111, 510, 513,
519, ,7.-17, ,7.77, ,πῖ-117, 5311, 3311, 5172, 3511, 51111, 371, 571771,
575, ,π’-,7, 5711, 71111, 51111, 4111, 4211, 421, 121. iffi. 41701511.
151, 171, 110, 117, 4-15, 11111- 177, 11311, 11111, 175. 477, 11111
4111, 4112, 1117. 3511, 1131137112, 553, 31751. 71511, 5111. 511, 1110,
71,-51, ξιτ-,3, .·,’..·,·.-·-., 5231, ;·;··.·;1 011711, 5171, 1177, 1170, 17711, 77121, 5317,
,ht-11, ,’ῑ1111,1·.11.·1,11111, 1121 , 11115, iffi, 67111, 171111, 71711, 1111,617,
1711, 1710, 1117, 17711, 11,-72, 11771, 17711, 17712, 171171, 11117, 171111,Γῆ9,
17111, 6011, 71111, 7111, 7111, 71177, 714, 717, 721727, 7111. 71111,
'TW-t, ΠΗ, 7711, 777,ΤΗΙ,711.·Ξ, 71171, 7714, 71,-171,·111οᾹ111, 7111,
Tam, 11111, ΗΠ. 11271, 11210, 11211, 115711, 71711, 855.

ΕΜΡΜΗΞ thr-marmana, 1 , ΗΞ, 111171,

ἐπ’-’1450111115 Ε1171551-77715, Ι, 600, 1115, 1174-

Eflstadmoe, 11, 47, 50.

numnius, 1, 205, 242, 944. 11, 452, m, toe, 510,

551.
nimus& ,Ιᾶἧῄιὶΰῖῗδώδᾌίᾞῖὼᾚξῖ 71.2117,201,2)7.
212, 21 , 225, 255, 257, 260, 507.ῑ11·11-1,510,;111.515,322,

101,

521. 555,555 336,358 544,547, 71,-72, 5·;1,7011,501.561,
575, 590, aas, 599, 165', 477, 405, 400, 107, 400. 100. ⁸⁹¹2
5ot, 507, 515. 524, 526. 528, 7150, 551. 011, 1717, 11110600,

662 605,,607 685, 702, 711, 782, 7117, 7111, 7717,011,810.
5111901001, 1, 510. 11, 272, 559, 501, 570, 577.
fflmqum, ¹, 10151.Ι’11ξ9ἔο8.

81g⁸fffigdffi⁰g1hff⁰⁸ 1, 164, 541, 477, 585, 9⁸7, oet, ω,

mer (pem), 1, 555 520, 529, 724,942, 952. 17,111.

tunm mm 1. 1120.
tamaius. 1, 5253515. 11, 71, 505.
tam· {dammnuss'tw'm 509 524 520
574, 555, 540, 542, 549, 5115, 557, 5119501, 500,
470, 510, 6462723337211. {²1²1 704, 700.
ιῗὲιέιιρ, 7, 1401 0111, 021. 77, 142.
ῗπέιωῗωόῶ ¹³·
0· 2 ⁰
{ffiffinffifff‘m
rfflfffffssoffiassj, 7, 100, 170, 174, 104, 210. ³2³,
241, 245, 500, 727, ωικωοὲῧεῖω, ⁹⁵⁰5zss⁹⁹317¹¹613⁹’5³3'
500090·“·νν’
Festus Ru , vid. 11211110.
ωὲἷώωιέὂιᾱὸεω( (fflffiffff'ssae'ssssm, 201. 77, 401. 515.
ῗῖαηηηααμῡυῗὶῗιῖιῗὸἶῖὺῡωωᾶ 7, 957.
..2791 1915, 55155207 ’w
9 . 9 0 2 9 2
sim {gfff . 11. 475, 5ῗὲ 510.
rotumum ,1.159 177.
rraqmmum 8. ,1113070511 11, 585.
Frumentum de Constantio chloro. . 254. 25¹1. ⁵⁸·
272, 500, 550, 551, 550, 559, 515.515‚ ³⁴6&ss- ⁸3⁸2&-

5³1, m,
Μ, ⁸³⁸2

*4-

Π
³57. δω, δα), 561, 568, 571, ΒἸΞ, 577, 464, ⁸5, ‘1 Η·
ggggsuiufl’teffiffi’. 11 ἶδῗθ ἐι· utrobi 119 unnim m
Frauootinus (Marcellus), 1, 474, 47 , 967. 11, ⁸⁰7. Μ

F'mlvhtmflv 588..,

