1157

561. 560. 573, 578. 597, 669, 668, 473. 508, .16“9, 616, 629,
ιέὃθξὲὲῖῗξὺῒῦθῶ 687, 731.,,11235’.·1,61’, 35,,261

Celtic» (Pater 10)1 167.

cemes. Ι, 327, 663. 696, 776, 902. 993. 11, 68. 69, 30,
52210, 618. 621, 771.

Gelsmjurisc. 1.’ 896.

Cen onnus, 1, 516. 523, 533, 617, 668, 93 0, 956, 966.
11, 35, 36.53.36, 385,628 730.

067ἶ101711ω,1 155.

cummim, ',11’ 710.

chartarius, 1, ’.177

ctnevroeus, '⁹11 486, 487, 495.
figleimetius'ffrmacisscijll, 299, 301, 525, 562, 566, 568,

mummius, 11. 680.

chonans, 11, 360.

Ghrisesna’nnus, 11, 675.
ὅδξίιὲιῧῖρέῧωῖωῃὸ. ὲὲἳ230, 551, 555, 568. 535, 559, 562,

0177077ὶέ077 Alm'ndrinum, alias Paschae, 11. 506, 507-
517, 523, 526, 552, 556, 569, 537. 560. 658. 659. 660.
7(ξὲἓέ (686ξέ ἐξ, 639, 666, 667, 681, 378, 380, 620 661,

C'hrmeq’loqv'u 6107700177· Auissiodoremis, ΙΙ, 356.

Chrysip 07ῃο 1,151,Ι162.11,106

Ch mmmm) ,220, ’ἲ291, 521, 528. 556, 610, 618,
626,6 ..676 677. 317, 319, 320, 627, 655, 644, 683, 729.
770, 925. 966, 952, 953, 957, 959, 965, 935, 1166, 968, 969,
971, 9³4. 973, 995. 1000. 1012. 11', 15. 272, 529, 538, 576,
573. 593, 671, 356, 332, 617, 693, 729, 730, 835’

0100000700(Ρο0973), 1, 160, 185, 566, 889, 890 ,898,
900, 906, 965 963. 11, 19, 516. 606

εἴσατο· 1. 115 119121 122, 1221221217, 130155,
156,153,157.158.159.160,161’,166,135,133.137160,
162,166.163.167,175,176,176,177,179,190,195,
196, 197. 200, 201, 202, 206. 203, 207, 211, 212, 213,
217, m, 221. 222, 225, 228. 256, 256. 262, 265, 233,
260, 285. 272, 275, 276, 2⁶15, 278, 279. 280, 281, 282,
28³.286’,’288,289’,290.’,291297’22304508509,514,
517, 518, 520. 521, 523, 552, 556, 557, 558 532, 533,
538, 539. 561, 565, 566, 566, 568, 570, 571, 573, 576.
577, 579. 580, 582, 583, 587, 588, 589, 592. 394, 595,
601, 606, 607, 608, 609. 610, 611, 612, 613, 616, 618,
622. 625, 626’, 623, 629, 451, 656, 656. 658, 659, 660,
441, 666,’· 457, 465, 668, 669, 695, 693, 302 303. 325,
5277,528,529.511’,516’,’,ζ,510558595560,567,568.
569574505795855m08859059⁹ 597, 601,
602. 606. 607, (108, 610. 619. 620, 621, 622, 625, 660,
661, 663, 650, 631, 633, 636. 637. 660, 661, 666, 667,
670, 671, 672, 675. 676. 677, 678, 687, 693. 696. 697,
700, 702'. 706 703, 706, 708’, 721. 723, 726. 727, 728,
355, 7 9, 740, 762, 716, 767, 769, 731, 739, 700, 761,
62, 765. 766, 763. 766, 768, 769, 770, 776- 779. 780.
781. 783. 786, 792, 805. 807. 822, 883, 888, 889, 895,
896893896897898819900901902905906.
903. 909, 913. 919. 920. 921. 9 0. 951, 953, 958, 960,
961. 962, 965, 966, 913, 966, 968, 919, 930, 931, 932,
933, 936988992995996995996997998999.
10110,1001,1005,1006,1003,1006.11.11.12. 15,13,26,
50,5.·“1,58,61, 61, 68. 3,1.715, 116, 67, 71, 72.,,798086,
{359}qu 3²:⁷3, 9151198131ζ 337¹⁰J³0³¹⁰J2¹t⁰²133⁰ 117925 JQ}
157, 158, 111, 162, 193, 208, 211, 215. 218, 222. 225,
229, 251, 256, 259, 210, 265. 239. ²695. 271, 501, 521,
561, 573. 579, 582. 584, 585, 590. 591, 597. 601, 602,
607. 615, 616, 613, 618. 619, 621, 625, 623, 636, 618,
671. 473, 474, 682, 683, 699. 50', 508, 3,20 322, 327,
5293523531, ›36,538,5-39,540, 116δῖ532. 562563,
aaa, 007, 995’. 008, 60916311 652’,6.·.6 073. 6719. 661,
675, 677. 679 1181, 693. 699, 701, 703, 706. 709, 717.
719, 722. 723. 727, 753, 740, 761, 765, 769, 730. 732,
7550, 739,761, 76‘5, 767. 768, 770, 775. 777, 79⁸2, 800,
801, 801, 810. 812ss 8¹5, 820. 826, 828, 856, 853.

02· 7770770.1,929.951.

Claudianus, 1. 163. 203, 258. 261. 230-273, 280, 555,
628, 788, 801, 900, 920. 11. 262, 277, 279, 280, 281,282.
285. 598. 602. 611, 629. 4⁹0, 505⁹, 375. 602.

cleanthes, 1. 121. 156. 356.

σιεηιωηιιρωαηανῐνηωα. 119,129.156.158,133,131,
161, 176, 222. 250, 253, 267, 236, 275. 515. 526. 555, 631,
392399,618..621622.787, 789.888.893.896,906’957;
936. 939. 963, 967. 973. 1007. 11. 503 697, 608. 699.

c'temem abmms, 1, 772, 7517, 621, 622, 902, 891.

mgentem? Pam V. 1, 917.
01077070 (1077777707), Ι, 235.

elusim, 1. 133.

Qu} m (meamus LACTANTJI CJTAN‘run.

1158

0070077773 (Philippus), 11, 531, 611.

Caecius, 1, 805.

coclea: luris 07ωο0·1107770777·.11,375.

Codexsnsu'niani.1 163. 5-37.11. 216, 526, 527, 528,
7153570617, 715 7’70 827, 8⁴28.

Codex Theudosianas. l. 1113. 651. 903, 916. 965. 11, 63,
228 ‘252 366.371373 376, 580. 581. 509, 310, 322, 556,
361. *.·,ἱπ.-”ι 11115 ,“.1ι.1, ·.·Ῐ;Ῐ28817818

171Ι...11;;1..11777711,·..101177061071709

1717111771. [ΗΠ 17711· J ΙΙΙ 665.

1..Η.11.“.1·71“Ι7.711117,ΙΙ,52.5, 575.

177771 *svm 751711 JJ 11111 J'JJJ, 606, 659, 686, 696, 707.

(ff mmm-assu .·.·11777 .J. Al, 1941408581111 mira

(91.7..17.].1ῖ·1, 2·=.⁶‚’,374459„589929,970.11,95,
421. 655. 771.

0010117770,1,161.

comestor-² (Petu-usn. 935.

007777770άί077773, H, 513, 325, 676, 696.

Concilium Antiochenam, 1, 976.

—- Bam-icense,1,455.

—- maclam-ense, 1, 655. 951.

-θηνιὴαςὶηαιὲε, 1. 710. 7.·12, 963, 996.

—- 0177710. venenat, l, 972.

- constmeipopotiianmn, Ι, 972.

ἶὲἳῖῗὲῗιῗὲἶῖἶῖἷοιειιῐ 7770171ῧῖ51, 435. 71, 315, 503, 577.

-- Emer-itanum, 1. 655.

—- Ε phesinum, ’1, 996.

-F'lorenn'nw’m '1, 1015.

- Francofordiens’e, 1. 913.

-- Gmaeqreme, 1, 915.

—- Hisnmieme, 1, 972.

- Laodicenum,1,'710.

——Law ’.07707770 1, 923. 959, 975, 996.

ῑ19971772ἕ972

-Μίὶευίιαη77777, 1, 951. 11, 337

- Nannelense, ΙΙ, 699.

-Ν7οω77777771.,1666680. 682.

-Ν7οω7777777 ΙΙ, 1, 916, 913, 958.

-Βοηιαηιιιπ. 1 996.

- racemum, J. 951.997.11, 577.

- Triburtinw’n, 1. 555.

- ’.9979719715 ⁹⁹⁴

—- viennense, 1, ’.917

0077777077ιὺωο '111’1rnoenopvatm‚11‚ 575.

Constantianam. Imp.. 1,.891 11, 93, 228, 506, 507,
519 551, 576, 312, 323. 710. 722.

donuinam& Po’ m ωεω,11,167,515,575,525.
00 permeata, Ι, 5

Cordemot', 11, 62.
0077107777 (Fu-daciscum de), 11, 363.
0077770777, 11, 313.
9071791177.. -..
Cornelius ΝωέαθνὶΙΙΙῘ Νδξοιιός.
Commius( oon Ba ρ..7) 11, 191, 231, 562655.
conamen-ias (1777100770), Ι, 1010. ΙΙ, 281.
855ῗὲ31335) 11111791...
gx· jacim ymmonis), 1. 905, 992. 11, 19, 582, 386. 653.
euperus', ΙΙ. 191, etpassiminfra.
cusa (caraioeaeis' de), Ι, 5· 3, 965.
caepimus (sonum), 11, 239. 506, 519, 539, 563
(mmmm (S) 1.153,’110,136, 160177,192,195. 200,
ᾖς’,ςὲἒὲῗέὲΐῗὲῑ 5143583ἓῶ531·ΐόἕῖἕὲ
ἒξ. 33. 3¹73} 626, 653, 675. 705. 707, 710, 711. 736, 801,
...9, ...7. ...ι 343: 331³&ss 332: 33 39: 35²3,- 335> 323}
{a} ἓξῗ. 987, 989, 995. 998, 1016 11. 213, 218. 253. 525,
’ῃὸδτωέξὲξςὲῗὲἒὲὲἷέῗᾶ ἧξέᾕριὶωδω·
0777771770 (S) 1, 150, 131. 263, 313, 610. 6912639666,
676, 682, 781. 889', 895’, 957. 936. 959⁹, 960. 966. 967, 9718.
969, 971, 976, 973, 986⁹, 995, 1001, 1006. 11, 210, 356’, 708.

D

Dattoens(.romnm).1. 167.
Danmscmmlloannes 1,155.575,605, 661,890.916,

2233923936957939972975985996100911,

Dantem, 11, 337.

namt mamma, 409, 779, 510, 583, 789, 799, 790,
791,911,1009.

Cornelms 77

